ROTPA: 282.499490
FOCUSZ: 0.712500
