ROTPA: 282.499887
FOCUSZ: 0.637500
