ROTPA: 282.460471
FOCUSZ: 1.132873
