ROTPA: 282.499090
FOCUSZ: 0.787500
