ROTPA: 242.945541
FOCUSZ: 0.726430
