ROTPA: 283.192348
FOCUSZ: -0.528365
