ROTPA: 283.192231
FOCUSZ: 0.970770
