ROTPA: 291.777503
FOCUSZ: 0.970798
