ROTPA: 333.165358
FOCUSZ: 0.781742
