ROTPA: 301.450475
FOCUSZ: 0.970770
