ROTPA: 298.213433
FOCUSZ: 0.222616
