OBS-LONG: -70.749417
OBS-LAT: -30.244639
OBS-ELEV: 2663.0
OBSGEO-X: 1818938.94
OBSGEO-Y: -5208470.95
OBSGEO-Z: -3195172.08
RA: 10.721305524583334
DEC: -47.66447903764166
RASTART: 10.722205398359963
DECSTART: -47.6644971144605
RAEND: 10.722125332301271
DECEND: -47.66449284553511
ROTPA: 290.31522740370315
ROTCOORD: "sky"
HASTART: 2.063162418554399
ELSTART: 60.6996854239269
AZSTART: -134.829439506459
AMSTART: 1.146378634365575
HAEND: 2.071808829783297
ELEND: 60.6203743840293
AZEND: -134.754515026312
AMEND: 1.1472700649046546
TRACKSYS: "RADEC"
RADESYS: "ICRS"
FOCUSZ: -1.903796731126306
OBJECT: "lowdust GW_case_large_1"
VIGNETTE: "NO"
VIGN_MIN: "NO"
AIRTEMP: 12.350000381469727
PRESSURE: 74225.0
HUMIDITY: 29.75
WINDSPD: 4.586999893188477
WINDDIR: 26.155000686645508
SEEING: 0.9755704402923584
