ROTPA: 288.171086
FOCUSZ: 0.789744
