ROTPA: 282.722712
FOCUSZ: 0.648279
