ROTPA: 242.944484
FOCUSZ: 0.763040
