ROTPA: 281.451153
FOCUSZ: 0.969503
