ROTPA: 243.064936
FOCUSZ: 0.773737
