ROTPA: 300.750346
FOCUSZ: 0.238384
