ROTPA: 340.990559
FOCUSZ: 0.199253
