ROTPA: 242.881534
FOCUSZ: 0.738617
