ROTPA: 294.717871
FOCUSZ: 2.478204
