ROTPA: 243.180324
FOCUSZ: 0.705493
