ROTPA: 243.210869
FOCUSZ: 0.703367
