ROTPA: 242.949828
FOCUSZ: 0.763578
