ROTPA: 242.994796
FOCUSZ: 0.720891
