ROTPA: 282.498895
FOCUSZ: 0.825000
