ROTPA: 294.717855
FOCUSZ: 0.976589
