ROTPA: 294.717839
FOCUSZ: -0.525043
