ROTPA: 242.893624
FOCUSZ: 0.734615
