ROTPA: 242.902749
FOCUSZ: 0.757933
