ROTPA: 243.063285
FOCUSZ: 0.652025
