ROTPA: 242.899226
FOCUSZ: 0.757385
