ROTPA: 242.890955
FOCUSZ: 0.738617
