ROTPA: 301.316628
FOCUSZ: 0.241505
