ROTPA: 242.906597
FOCUSZ: 0.758480
