ROTPA: 291.625395
FOCUSZ: -0.509732
