ROTPA: 291.625393
FOCUSZ: 2.491010
