ROTPA: 243.162568
FOCUSZ: 0.706755
