ROTPA: 242.936339
FOCUSZ: 0.727631
