ROTPA: 282.811546
FOCUSZ: 0.870473
