ROTPA: 314.101337
FOCUSZ: 0.263084
