ROTPA: 300.233743
FOCUSZ: 0.970025
