ROTPA: 242.910327
FOCUSZ: 0.759026
