ROTPA: 242.955445
FOCUSZ: 0.725226
