ROTPA: 243.373261
FOCUSZ: 2.193510
