ROTPA: 242.914288
FOCUSZ: 0.759569
