ROTPA: 333.084519
FOCUSZ: 0.781742
