ROTPA: 282.499690
FOCUSZ: 0.675000
