ROTPA: 242.974792
FOCUSZ: 0.723013
