ROTPA: 243.070571
FOCUSZ: 0.713902
