ROTPA: 243.171381
FOCUSZ: 0.706123
