ROTPA: 243.268922
FOCUSZ: 0.699536
