ROTPA: 288.226138
FOCUSZ: 0.793745
