ROTPA: 291.625398
FOCUSZ: 0.989521
