ROTPA: 291.625420
FOCUSZ: 2.493204
