ROTPA: 243.350097
FOCUSZ: 0.694875
