ROTPA: 243.048990
FOCUSZ: 0.528263
