ROTPA: 301.450411
FOCUSZ: 2.472493
