ROTPA: 242.920357
FOCUSZ: 0.760338
