ROTPA: 243.120443
FOCUSZ: 0.709901
