ROTPA: 294.717847
FOCUSZ: 2.475775
