ROTPA: 301.450403
FOCUSZ: -0.528365
