ROTPA: 242.889108
FOCUSZ: 0.738617
