ROTPA: 242.924806
FOCUSZ: 0.760881
