ROTPA: 242.888360
FOCUSZ: 0.738617
