ROTPA: 243.036221
FOCUSZ: 0.773737
