ROTPA: 243.145383
FOCUSZ: 0.708017
