ROTPA: 243.201626
FOCUSZ: 0.704596
