OBS-LONG: -70.749417
OBS-LAT: -30.244639
OBS-ELEV: 2663.0
OBSGEO-X: 1818938.94
OBSGEO-Y: -5208470.95
OBSGEO-Z: -3195172.08
RA: 254.4343976992084
DEC: -28.617370352755557
RASTART: 254.4351425525015
DECSTART: -28.617413568979988
RAEND: 254.43526267355563
DECEND: -28.617414125378023
ROTPA: 241.81798682518615
ROTCOORD: "sky"
HASTART: -2.2357333295724833
ELSTART: 60.8783645996608
AZSTART: 95.4171992154657
AMSTART: 1.1443663458955777
HAEND: -2.227095915764387
ELEND: 60.9896665508061
AZEND: 95.3707281573776
AMEND: 1.1431341086707285
TRACKSYS: "RADEC"
RADESYS: "ICRS"
FOCUSZ: -1.2181987640354626
OBJECT: "bulgy"
VIGNETTE: "NO"
VIGN_MIN: "NO"
FILTBAND: "g"
FILTER: "g_6"
FILTPOS: 261.0
FILTSLOT: 3
AIRTEMP: 13.225000381469727
PRESSURE: 74390.0
HUMIDITY: 2.5
WINDSPD: 3.4193999767303467
WINDDIR: 29.5
SEEING: 1.0181009769439697
