ROTPA: 298.550352
FOCUSZ: 0.222616
