ROTPA: 243.019720
FOCUSZ: 0.718443
