ROTPA: 242.961138
FOCUSZ: 0.764648
