ROTPA: 302.031565
FOCUSZ: 0.244530
