ROTPA: 243.078035
FOCUSZ: 0.775785
