ROTPA: 243.327445
FOCUSZ: -0.803764
