ROTPA: 282.508432
FOCUSZ: 1.281091
