ROTPA: 282.842126
FOCUSZ: 0.944530
