ROTPA: 242.889784
FOCUSZ: 0.755735
