ROTPA: 243.396696
FOCUSZ: -0.807857
