ROTPA: 282.472247
FOCUSZ: 1.169927
