ROTPA: 242.923373
FOCUSZ: 0.729425
