ROTPA: 242.890348
FOCUSZ: 0.738617
