ROTPA: 242.892628
FOCUSZ: 0.734615
