ROTPA: 282.766495
FOCUSZ: 0.759381
