ROTPA: 242.969376
FOCUSZ: 0.724370
