ROTPA: 300.233716
FOCUSZ: -0.529154
