ROTPA: 288.118500
FOCUSZ: 0.789744
