ROTPA: 282.484160
FOCUSZ: 1.206984
