ROTPA: 242.983143
FOCUSZ: 0.722406
