ROTPA: 282.737226
FOCUSZ: 0.685314
