ROTPA: 282.500087
FOCUSZ: 0.600000
