ROTPA: 341.217474
FOCUSZ: 0.199253
