ROTPA: 243.042035
FOCUSZ: 0.466380
