ROTPA: 282.499290
FOCUSZ: 0.750000
