ROTPA: 243.229753
FOCUSZ: 0.702094
