ROTPA: 242.919433
FOCUSZ: 0.730020
