ROTPA: 251.550080
FOCUSZ: 0.203255
