ROTPA: 242.891521
FOCUSZ: 0.734615
