ROTPA: 243.258975
FOCUSZ: 0.700175
