ROTPA: 291.625403
FOCUSZ: 0.991746
