ROTPA: 242.893107
FOCUSZ: 0.734615
