ROTPA: 242.884540
FOCUSZ: 0.738617
