ROTPA: 291.625701
FOCUSZ: 0.264771
