ROTPA: 242.955402
FOCUSZ: 0.764114
