ROTPA: 294.717834
FOCUSZ: 0.974131
