ROTPA: 282.437369
FOCUSZ: 1.058756
