ROTPA: 243.137059
FOCUSZ: 0.708645
