ROTPA: 242.886974
FOCUSZ: 0.755183
