ROTPA: 243.249111
FOCUSZ: 0.700816
