ROTPA: 291.777486
FOCUSZ: -0.528350
