ROTPA: 298.381296
FOCUSZ: 0.222616
