ROTPA: 243.056089
FOCUSZ: 0.590146
