ROTPA: 282.796278
FOCUSZ: 0.833444
