ROTPA: 243.000842
FOCUSZ: 0.720281
