ROTPA: 281.451151
FOCUSZ: -0.529626
