ROTPA: 243.239373
FOCUSZ: 0.701457
