ROTPA: 281.451150
FOCUSZ: 2.471240
