ROTPA: 243.420576
FOCUSZ: 0.690768
