ROTPA: 242.927621
FOCUSZ: 0.728827
