ROTPA: 300.233682
FOCUSZ: 2.471660
