ROTPA: 243.085596
FOCUSZ: 0.837662
