ROTPA: 282.448826
FOCUSZ: 1.095815
