ROTPA: 242.931940
FOCUSZ: 0.728230
