ROTPA: 291.625550
FOCUSZ: 1.004740
