ROTPA: 242.895913
FOCUSZ: 0.756834
