ROTPA: 243.279029
FOCUSZ: 0.698893
