ROTPA: 243.101120
FOCUSZ: 0.961415
