ROTPA: 242.892063
FOCUSZ: 0.734615
