ROTPA: 251.804377
FOCUSZ: 0.207255
