ROTPA: 291.625582
FOCUSZ: -0.507523
