ROTPA: 282.520728
FOCUSZ: 1.318142
