ROTPA: 282.826756
FOCUSZ: 0.907503
