ROTPA: 243.153966
FOCUSZ: 0.707387
