ROTPA: 283.192244
FOCUSZ: 2.472496
