ROTPA: 341.101844
FOCUSZ: 0.199253
