ROTPA: 242.939287
FOCUSZ: 0.762502
