ROTPA: 242.886750
FOCUSZ: 0.738617
