ROTPA: 242.940794
FOCUSZ: 0.727031
