ROTPA: 243.093327
FOCUSZ: 0.899537
