ROTPA: 333.123966
FOCUSZ: 0.781742
