ROTPA: 282.751800
FOCUSZ: 0.722348
