ROTPA: 291.777658
FOCUSZ: 2.472497
