ROTPA: 242.892778
FOCUSZ: 0.756286
