ROTPA: 243.096314
FOCUSZ: 0.777741
