ROTPA: 242.887661
FOCUSZ: 0.738617
