OBS-LONG: -70.749417
OBS-LAT: -30.244639
OBS-ELEV: 2663.0
OBSGEO-X: 1818938.94
OBSGEO-Y: -5208470.95
OBSGEO-Z: -3195172.08
RA: 228.59496247705425
DEC: -31.594753246733397
RASTART: 228.59581355699484
DECSTART: -31.5947535123691
RAEND: 228.59587374762717
DECEND: -31.59475346170091
ROTPA: 180.97878662456245
ROTCOORD: "sky"
HASTART: -0.9295892220400961
ELSTART: 77.9683438932336
AZSTART: 100.488518626269
AMSTART: 1.0224141931223623
HAEND: -0.920952406407288
ELEND: 78.0782676784632
AZEND: 100.519381355485
AMEND: 1.0219989073188218
TRACKSYS: "RADEC"
RADESYS: "FK5"
FOCUSZ: -2.741963149945451
VIGNETTE: "NO"
VIGN_MIN: "NO"
FILTBAND: "i"
FILTER: "i_39"
FILTPOS: 314.0
FILTSLOT: 1
AIRTEMP: 13.475000381469727
PRESSURE: 74390.0
HUMIDITY: 3.575000047683716
WINDSPD: 3.753000020980835
WINDDIR: 27.190000534057617
