ROTPA: 243.305266
FOCUSZ: 2.197983
