ROTPA: 291.625542
FOCUSZ: 1.755805
