ROTPA: 242.934264
FOCUSZ: 0.761963
