ROTPA: 242.883172
FOCUSZ: 0.738617
