ROTPA: 251.675177
FOCUSZ: 0.207255
