ROTPA: 242.894125
FOCUSZ: 0.734615
