ROTPA: 243.128756
FOCUSZ: 0.709275
