ROTPA: 243.007022
FOCUSZ: 0.719669
