ROTPA: 242.929447
FOCUSZ: 0.761422
