ROTPA: 242.885632
FOCUSZ: 0.738617
