ROTPA: 243.013323
FOCUSZ: 0.719058
