ROTPA: 242.889781
FOCUSZ: 0.738617
