ROTPA: 282.496222
FOCUSZ: 1.244037
