ROTPA: 282.781350
FOCUSZ: 0.796413
