ROTPA: 243.220218
FOCUSZ: 0.702732
