ROTPA: 242.950509
FOCUSZ: 0.725829
