ROTPA: 243.112280
FOCUSZ: 0.710529
