ROTPA: 242.989031
FOCUSZ: 0.721501
