ROTPA: 282.426042
FOCUSZ: 1.021698
