ROTPA: 314.100914
FOCUSZ: 0.258240
