ROTPA: 242.879856
FOCUSZ: 0.738617
